0.49234|-15.46093
0.81204|16.14542
0.95358|7.47864
0.99546|20.75233
1.81600|27.70808
2.08733|-29.91500
2.14392|-33.85833
2.19333|15.81556
2.26788|27.72942
2.47254|25.92378
2.48558|-24.96314
2.49700|-57.02083
2.68842|-47.07447
2.84021|-28.85433
3.51662|-23.18208
3.67854|-60.32875
3.72333|-39.19664
3.85471|-21.44439
3.87862|17.32852
5.07225|59.30378
5.29521|22.35719
5.34333|22.43361
5.38210|-48.62475
5.46417|22.40000
5.51346|22.40808
5.55642|10.49158
5.70642|-45.26900
5.97754|-32.53617
6.01183|16.48639
6.31992|12.88386
7.20913|2.83886
7.31275|2.86406
7.41050|-33.25975
7.42354|-51.52067
7.54462|2.09344
7.59154|-33.24403
7.74208|10.20842
7.94058|-5.15264
8.00467|-64.39014
8.00904|-64.25339
8.30050|48.50875
8.51162|-9.70534
8.56450|-27.80358
8.56458|-31.78600
8.69483|-8.39644
8.94612|-25.37443
8.99928|-10.12170
9.01692|23.95789
9.12051|-10.10616
9.30671|-22.58703
9.33971|-19.93425
9.55158|2.72856
9.62246|29.51122
9.74154|48.33739
9.78500|-14.17283
9.80598|0.86434
9.82433|0.91276
9.82675|3.03744
9.82745|3.33112
9.89508|0.85989
9.89533|2.88744
9.93446|3.29958
10.09200|41.68531
10.14592|-13.87281
10.36679|25.49944
10.65346|-1.52878
10.67430|40.86529
10.68479|41.26906
10.85729|-50.18283
10.89363|-8.18650
11.41583|38.04111
11.78562|-20.76039
11.86504|-31.42175
11.86692|50.88361
11.94711|-11.46870
12.00629|8.29708
12.44917|32.27772
12.53983|-5.19372
12.67442|-1.91025
12.70187|-6.88569
12.75775|-7.05694
13.01796|47.55050
13.17650|-31.20583
13.18659|-72.82860
13.72283|-37.68439
14.06638|-52.78269
14.06715|-1.25537
14.13575|-1.77194
14.17354|-52.97592
14.17775|-9.91387
14.19671|-53.09736
14.31158|-40.95911
14.38637|30.28075
14.40683|-48.90267
14.45368|30.35245
14.71300|12.97284
14.95871|-7.57797
15.03898|-33.70903
15.15171|30.66897
15.39125|-7.58825
15.53838|-4.24547
15.84117|-6.33922
16.19913|2.11778
16.27033|-6.21239
16.75929|-80.30775
16.81537|32.52036
16.82330|32.48292
16.85399|32.41256
16.85438|-69.87917
16.85460|32.29245
16.86352|32.31953
16.92754|-46.90758
17.09775|33.13361
17.15396|39.64431
17.19804|-28.58233
17.36259|35.71813
17.64842|-30.22128
17.74544|33.15189
17.75475|-30.43853
17.86511|-38.08347
18.05888|-58.24797
18.20208|-58.28228
18.20253|-0.29019
18.23212|0.98156
18.24970|-0.25250
18.50604|-57.93517
18.52925|-32.65089
18.90679|33.06772
18.99017|5.17869
19.06179|31.03383
19.12407|33.41910
19.79221|3.30083
19.89471|-58.52431
19.93688|3.40994
19.97946|16.54469
20.02788|3.41540
20.28083|-26.72600
20.33513|-34.06328
20.44521|5.25672
20.53746|0.94536
20.59906|-0.87521
20.73083|33.17389
20.73142|9.04919
20.79792|33.46056
20.91628|33.25606
21.01625|12.91739
21.14075|1.73139
21.19104|9.99464
21.19883|9.53883
21.32225|9.26411
21.33639|34.02496
21.38067|1.75911
21.38110|32.13651
21.41833|34.71333
21.43462|-1.37958
21.59075|34.70303
21.64138|-23.22617
21.85592|-1.91297
21.89529|31.55472
21.95087|-1.87953
21.98754|-35.71769
22.24433|-0.94900
22.36142|-61.46461
22.62120|-22.66737
22.83646|-6.86806
22.90354|-6.89375
22.94372|33.61557
22.99188|33.47653
23.21700|-7.03183
23.27208|-7.31142
23.46204|30.66022
23.49058|-36.49325
23.57571|-29.41836
23.76929|-41.43619
23.77367|-7.34031
23.77662|-36.49022
23.90200|-39.35783
24.17395|15.78366
24.66346|-42.52753
24.74367|-46.57331
24.77638|-29.91489
24.77721|-7.51261
25.54025|12.60189
25.76000|13.64506
26.06092|28.70592
26.23375|10.42303
26.26557|-43.59804
26.52583|34.37453
26.59446|36.46031
26.81729|35.56331
26.85354|27.88575
26.87454|27.33336
26.92837|-52.76181
26.97717|27.43278
26.98025|-26.89214
27.09350|11.52131
27.29512|-10.42643
27.30858|13.05535
27.32104|-32.74261
27.35358|21.99731
27.35725|35.45289
27.43242|35.78564
27.44704|21.97086
27.55842|27.64567
27.62854|6.14522
27.63850|36.37081
27.67383|21.75992
27.67871|33.08203
27.68408|35.28453
27.69958|35.93275
27.76600|-9.70261
27.78567|21.91281
27.82321|22.35797
27.96054|6.29689
28.14458|36.50089
28.17300|36.14400
28.19133|36.61931
28.19367|36.15183
28.23942|36.51289
28.25208|-13.73865
28.30250|-49.56036
28.30542|4.19583
28.37354|36.22131
28.47962|36.22942
28.58250|36.62981
28.68942|39.38353
28.73420|-9.01081
28.79254|35.28189
29.02196|36.12908
29.08764|5.62894
29.09083|-4.46764
29.09450|-9.06142
29.15825|34.17678
29.17029|33.04350
29.41825|-57.79017
29.42583|35.91611
29.45971|36.34311
29.71637|-8.16225
29.72863|36.67469
29.83158|19.00753
29.92617|-5.96319
30.04792|38.02133
30.06209|31.42957
30.22883|38.21072
30.27686|-6.81552
30.32054|28.83725
30.55141|-0.10063
30.62221|18.37300
30.86643|38.11693
30.93625|16.03097
30.93679|38.25872
31.51454|-55.19353
32.08808|10.99492
32.18550|38.77719
32.33685|-10.13309
32.35252|-10.13592
32.41053|-10.14669
32.41054|35.79752
32.46161|-7.76248
32.52554|-32.93986
32.53988|39.19036
32.56754|7.84531
32.57352|-10.32145
32.75538|37.66628
32.82233|37.49717
33.26250|-42.03353
33.51456|27.87734
33.86517|6.00261
33.95817|-31.20100
34.05329|32.64950
34.29471|14.54783
34.49850|14.54406
34.68863|-6.63908
35.27654|-33.72067
35.40196|-5.52139
35.50421|33.26606
35.63922|42.34915
35.75796|-20.71206
35.76904|-21.23386
36.26842|-24.78817
36.31775|42.08989
36.36158|41.82428
36.46182|18.49625
36.52796|-0.33193
36.82033|33.57917
36.90608|-1.15628
37.11604|-1.15153
37.13800|-19.04211
37.15533|-10.53897
37.21513|-41.40267
37.38242|-42.81136
37.61625|-43.02686
37.63811|-1.10841
37.67846|-2.93900
37.70271|37.13678
38.09975|35.49464
38.39312|-39.04506
38.50008|20.97678
38.55575|29.31128
38.86563|-9.35619
39.07588|11.64208
39.11616|38.96993
39.14775|59.65492
39.16150|-54.85978
39.40246|-32.92444
39.41650|34.43158
39.42408|1.97531
39.44700|-61.33669
39.54871|-20.16700
39.58150|2.11925
39.63627|-6.67743
39.76479|-27.44314
39.79983|10.84683
39.82037|40.87231
39.84849|1.09379
39.99720|-34.44919
40.09986|-8.43354
40.10004|39.06329
40.12079|19.29711
40.26999|-8.25576
40.43846|0.44317
40.64829|34.76350
40.66963|-0.01328
40.81271|32.42497
40.87499|37.34134
40.90929|-31.94403
40.91881|1.37611
40.93475|-29.00336
40.95537|-59.91342
41.22362|-17.65915
41.32508|-17.70836
41.40029|-17.68894
41.49962|-7.57847
41.57937|-30.27489
41.60485|-0.49865
41.64140|-0.24716
41.99083|3.88389
42.02500|-13.95922
42.33171|8.09264
42.39047|-31.18910
42.43933|46.97619
42.72375|-54.97592
42.91779|-16.65103
43.21630|-1.27469
43.41379|-34.19764
43.42149|6.26528
43.45938|12.84922
43.61407|41.57959
43.63963|-18.63508
43.63992|-10.02776
43.80082|-0.18356
44.08975|-32.18558
44.20992|-54.57142
44.45483|-36.71792
44.92625|25.23783
44.96083|2.77136
45.09204|-17.15253
45.30521|44.95542
45.30888|44.89733
45.40021|-14.83658
45.65662|-22.86717
45.66033|-18.89778
45.89479|46.38636
45.91004|-15.61319
45.95462|-1.10374
45.98600|-39.44042
46.03325|-26.06964
46.13479|42.33931
46.51258|-15.61125
46.54129|42.37192
46.68900|-25.71644
46.71842|-0.79448
46.80496|-31.40072
47.10927|4.11092
47.11654|2.10858
47.23642|-2.95514
47.40778|-41.03047
47.43962|-20.57931
47.50512|-53.33575
47.55383|40.76567
47.81100|-8.92214
48.05967|-10.48111
48.13796|39.31892
48.20233|-5.22469
48.21363|4.70703
48.38350|-25.72517
48.53771|-2.82294
48.83792|41.35542
49.17907|41.32497
49.24479|31.56725
49.30496|-32.57589
49.32744|-41.10807
49.56527|41.85775
49.56688|-66.49825
49.70754|-1.97333
49.74229|41.47001
49.80925|-19.10000
49.83871|41.49064
49.85517|-49.59972
49.86142|41.54053
49.92117|-19.41136
49.95067|41.51170
49.96324|-26.06044
49.96454|41.57353
49.97563|41.56339
50.02546|41.63003
50.02900|-52.18553
50.05050|41.36700
50.06467|41.39867
50.14721|-18.71533
50.26429|-37.10169
50.40191|41.39282
50.41650|41.36056
50.52733|-15.40006
50.67383|-37.20823
50.68453|-37.10369
50.98500|-36.46467
51.10654|-21.54403
51.20228|-21.33623
51.20292|-3.04228
51.33478|-36.38495
51.41621|-52.78550
51.51079|-17.59150
51.57188|-21.33522
51.63412|-35.71356
51.99342|-37.15000
52.02483|-8.38861
52.02742|-32.28611
52.08196|-31.06817
52.64575|-34.85394
52.78383|-33.62864
52.86459|4.38082
52.88079|-51.90483
53.01258|-20.81917
53.30246|-50.41425
53.32117|-13.66414
53.40155|-36.14040
53.41530|-5.08940
53.42446|-21.47864
53.44879|-19.49206
53.47367|-31.19411
53.57679|39.35684
53.75559|-24.93323
53.81912|-35.22625
53.82008|-35.26567
54.01646|-35.44119
54.11497|-34.97622
54.13200|-35.29519
54.19243|-35.99941
54.19788|-34.73961
54.23775|-35.50664
54.28733|-35.19503
54.29908|-35.74559
54.37020|-24.50030
54.41350|-18.33947
54.62094|-35.45066
54.62396|-23.02752
54.66075|-18.42797
54.68696|-44.10061
54.71633|-35.59439
54.71721|-26.33783
54.77883|-18.29228
54.79515|-22.38875
54.84104|-22.72469
54.84708|-31.32142
54.87848|-18.68807
55.04942|-18.58011
55.17546|-37.51083
55.23692|-22.56447
55.43607|-18.26698
55.48925|-4.70486
55.50646|-47.22208
55.54779|-29.89333
55.58093|-35.39256
55.62200|-13.48803
55.70463|-22.10836
55.90450|-35.85303
56.13300|-44.64483
56.20813|-21.92056
56.26212|-18.26603
56.32117|76.63831
56.32179|-23.00247
56.34296|-18.63364
56.42967|-4.09158
56.57921|-34.94356
56.61354|-3.96878
56.77004|-33.70986
56.85959|-68.22058
57.11308|-16.39289
57.28225|-48.85819
57.45600|-71.63539
58.19850|-47.47753
58.61854|-35.96714
58.66235|-20.50268
59.36429|-46.21070
59.59092|-44.46625
59.90408|-67.63425
59.95488|-84.09386
60.97617|-43.34886
61.01133|-54.10006
61.11336|-2.18858
61.70717|-21.17264
62.03167|-17.19289
62.07887|-21.05197
62.10058|-47.89703
62.25779|-45.51753
62.46600|-56.11844
62.74942|-56.48044
62.99717|-32.85081
63.01804|-32.87422
63.18021|-57.73797
63.41963|-31.64542
63.65225|-56.06081
63.93804|-55.59225
64.04363|-55.78014
64.10225|-60.20681
64.39904|-62.78367
64.43679|-50.16444
64.90802|2.40946
65.00175|-54.93781
65.28646|-48.25478
65.30679|-21.84614
65.49508|-56.97475
65.53725|-43.62956
65.67838|-40.60092
65.86292|75.29558
66.18733|-54.94200
66.90879|-55.02781
66.97904|-55.05772
67.09067|-47.81589
67.16525|70.34722
67.66641|0.66158
67.68239|0.66471
67.68933|0.86367
67.70441|64.84794
67.91471|-54.60228
67.91642|-5.08625
68.17387|-43.71589
68.20454|71.88311
68.49939|-8.57888
68.76663|73.26242
69.00433|19.95033
69.02750|-3.14875
69.15266|-3.18882
69.15563|-0.14361
69.27608|-3.30350
70.03283|-0.54753
70.36741|-2.85796
70.40212|-1.80903
70.43421|-7.08619
70.56050|-20.43477
70.72879|0.61858
71.11875|75.63975
71.42708|-59.24718
71.44729|-2.39283
71.62479|-4.78878
72.13682|-6.56996
72.15475|-6.31997
72.30158|-29.20711
72.39179|0.25286
72.61146|-61.34547
73.12925|-62.98578
73.20505|1.25910
73.21729|-59.74225
73.55625|-53.36106
73.65975|3.26797
73.84886|-20.57116
74.23464|-4.86577
74.33804|78.18883
74.72754|-0.48892
74.73217|-63.29822
74.83787|5.61831
74.92458|-7.75525
74.99083|-26.02222
75.40733|-4.25789
75.52088|-69.56828
75.53954|-8.24086
75.67729|-61.14006
75.80487|-22.83311
75.90429|1.57333
76.08004|-63.58214
76.24179|-81.31069
76.31021|-37.98075
76.32529|-9.14714
76.36073|-49.56796
76.36292|-11.87153
76.60717|-31.95422
76.63858|-17.58583
76.73418|-59.72398
76.92642|-37.51306
76.94542|-16.29361
77.67921|0.40831
77.69571|-31.59711
77.92029|-14.78936
77.99719|-32.97262
78.01387|-15.68781
79.03787|-54.10467
79.28771|-64.95975
79.95096|-32.14275
80.64354|-11.49953
80.64729|-79.85181
80.89386|-69.75613
81.48667|-46.72847
81.69837|-63.76003
82.00805|-5.31076
82.05883|-16.12436
82.09650|76.66375
83.20138|-14.06278
83.34067|-21.94578
85.46300|-64.30114
85.51937|69.37844
86.69775|-16.78261
86.75787|-34.25061
86.76971|-51.55292
88.72338|46.43934
88.86900|-76.92025
88.94308|-69.56081
89.78183|78.50967
90.28255|-23.67264
91.87442|-61.80758
92.00925|-21.74669
92.09946|-52.51231
92.53971|-34.10621
93.04021|-21.80594
93.26133|-27.72983
93.90152|71.03753
93.99933|-26.76547
94.65712|78.35703
95.41575|-27.23375
95.98000|78.53011
96.49158|-22.00483
96.73183|59.08008
97.89763|74.43353
100.18004|-58.52458
100.40289|-50.96620
100.56472|75.62573
100.77516|-74.23637
100.87821|-72.59461
101.10246|-63.71733
101.20462|-27.63861
101.63158|60.34039
101.92879|-26.75436
101.94083|74.48167
102.15571|-64.27320
102.21162|-64.33553
102.53607|60.84581
102.72337|33.47867
102.73717|33.43758
103.47483|-40.86261
103.87858|69.56306
103.89882|39.76442
104.39633|-45.81197
104.76175|80.00347
105.65083|-42.06856
105.66834|-28.69724
106.08458|64.02028
106.42512|50.58106
107.08558|18.78025
107.28337|48.61543
107.30016|20.60291
107.32533|20.63597
107.63563|75.32667
107.79513|50.17475
108.11940|47.16669
108.57267|84.38228
108.88033|-29.35903
108.88462|64.92619
109.01538|64.70892
109.15721|-62.34372
109.16275|-35.37344
110.33325|-69.00147
110.80167|58.06478
110.97813|-27.52906
111.11621|61.69389
111.23675|-9.65931
111.76687|80.17808
111.80983|85.75456
112.07296|-62.35292
112.22777|69.21579
112.26937|33.86097
112.55038|-62.25264
112.57663|79.87253
113.08322|85.70950
113.13213|-84.07233
113.48438|-50.44303
113.71317|-69.28414
114.09933|-69.53083
114.11742|-47.63556
114.21417|65.60256
114.23621|35.24197
115.16370|39.23331
115.24279|55.42711
115.63666|49.80965
116.31687|-71.41042
116.72098|39.03185
116.87138|60.93351
117.70796|74.35769
117.97808|73.01569
118.58654|4.45969
118.96467|-52.30678
119.18827|39.92790
119.21788|60.34939
119.48536|25.16086
119.50183|52.86170
119.56429|-49.85425
119.58527|25.14921
119.87380|27.02644
120.09845|39.83042
120.44158|56.55386
120.47171|50.73711
120.60280|9.41356
120.69611|-12.31785
120.78270|23.39182
121.40850|-11.42703
122.03996|39.15744
122.20571|57.76961
122.56325|33.95663
122.80619|25.20679
123.22564|55.67207
123.31100|45.98981
123.49546|45.74214
123.55899|21.35547
123.66715|49.06171
123.75038|73.57897
123.99624|23.19962
124.35750|21.68549
124.47288|23.47214
124.69158|-25.36975
124.74313|57.80305
124.77075|70.72003
124.80317|20.51074
124.83555|50.00963
124.90783|21.11431
124.95133|22.03144
125.09857|21.13147
125.14869|21.06780
125.35112|-13.31786
125.41808|73.98836
125.68102|22.55308
125.68731|24.29693
125.79700|22.66458
126.00650|21.02732
126.20950|73.41203
126.25832|-0.59140
126.30029|20.33475
126.86049|17.28408
126.92510|21.47911
127.50704|17.25986
127.92069|-4.11801
128.01458|24.01092
128.04710|22.56056
128.34517|-22.97367
128.82222|28.47342
128.89196|-1.85014
129.60032|25.75464
130.18488|-4.12172
130.90866|50.20556
131.02466|49.79386
131.81592|72.98564
131.99071|73.53919
132.01908|74.09886
132.10579|73.96717
132.29946|60.22111
132.34121|19.07497
133.17220|33.42174
133.38642|51.31367
133.42608|73.49094
133.61279|-3.06703
133.69307|39.53868
133.72518|49.16040
133.89463|58.73440
133.90721|78.22308
134.03354|-3.36011
134.24695|51.34744
134.25467|-24.67375
134.33544|2.92131
134.39950|3.09022
134.77393|53.77167
134.87698|44.91390
135.66100|25.93453
136.33883|18.31311
136.38795|-19.20710
136.43859|36.35460
136.70437|-15.49978
136.88971|60.47933
137.02583|78.08517
137.07278|21.44334
137.39045|33.12353
137.58383|7.03794
137.70608|-8.89069
137.86467|-14.81683
137.90625|60.03722
138.06047|44.95484
138.08125|-24.17261
138.10156|35.02754
138.35304|79.18733
138.39830|12.44081
138.42925|76.47533
138.52130|40.11370
138.90179|-63.06964
139.04629|-16.31272
139.08229|-23.63325
139.20838|20.19850
139.27885|20.06970
139.34497|41.99973
139.47046|-22.35467
139.52362|-12.09554
139.65296|-38.01008
139.82749|69.20325
139.94526|33.74974
140.00904|1.03829
140.04096|-16.52606
140.08504|64.10278
140.36454|-11.90950
140.43992|64.25794
140.45003|40.15126
140.51098|50.97652
140.51874|71.84402
140.85021|-63.81256
140.87588|-23.16144
141.07721|34.51349
141.15717|49.35706
141.16946|-25.09269
141.42724|11.43214
141.44721|11.42458
141.54804|-76.62633
141.58196|-28.03508
141.73596|-24.78303
141.80246|-11.64342
142.11033|-60.80178
142.39398|62.49055
142.57083|-30.38503
142.72037|-14.73578
142.90300|-16.73466
143.04212|21.50083
143.33963|-33.03350
143.44213|10.15244
143.51159|10.10858
143.68150|-21.92781
143.74001|21.70527
144.18687|-21.12814
144.43395|2.76082
144.78316|34.00633
145.10029|14.92264
145.22473|5.16581
145.31924|35.88227
145.51373|0.33644
145.63867|-3.69914
145.64644|58.85126
145.72596|31.84739
145.79987|-9.61239
145.80003|31.92871
145.92125|-20.47719
146.05429|-28.84889
146.06683|-21.27800
146.35508|-18.37392
146.41162|-31.19108
146.42280|4.94185
146.42521|-14.32638
146.45138|-14.36831
146.57150|5.70880
146.57775|-30.43747
146.70883|22.01396
146.81442|67.91639
147.15021|33.42150
147.18180|44.08144
147.53400|-73.92219
147.59262|72.27864
147.81438|-32.75256
148.03397|29.23621
148.27975|16.67767
148.42033|1.57964
148.61638|-18.63889
148.63700|-28.29819
148.82526|4.27002
148.88822|69.06529
148.91917|72.20356
148.96969|69.67938
149.52894|10.35978
149.58783|32.36989
149.60254|-26.92667
149.78608|-34.22522
149.86025|30.74639
149.87158|-19.49228
149.87308|-22.82628
149.92172|35.39281
149.98237|-29.61697
150.00042|5.33222
150.02429|-31.55286
150.05954|-19.63696
150.12596|-2.96901
150.13196|-31.24500
150.17015|-31.66454
150.48010|72.17034
150.49085|55.67979
150.54613|72.12540
150.56956|24.71110
150.62096|-31.67742
150.77867|-26.15958
150.82946|68.73392
150.96621|-27.57086
150.98897|40.75693
151.02188|31.18546
151.30825|-7.71858
151.34600|-34.21994
151.41400|80.28569
151.42333|-7.98150
151.45067|-67.37797
151.63905|-29.93486
151.66625|-19.22158
151.83184|10.36181
152.04196|53.08347
152.11708|12.30639
152.21067|-67.03086
152.28117|-29.06431
152.54112|-12.43378
152.55388|-67.00508
152.64738|-39.14264
152.66636|20.07018
152.75333|-4.69278
152.82444|0.44241
153.17187|3.12936
153.26232|-1.61460
153.38161|22.73756
153.44074|3.42497
153.46050|38.76490
153.50842|-35.13558
153.56271|3.46608
153.67546|-28.87206
154.07799|-33.56379
154.14224|21.12305
154.22355|73.40075
154.41069|21.68825
154.44944|21.87333
154.52347|21.83229
154.57026|41.42405
154.60375|21.89397
154.65229|-17.98253
154.89096|-26.69889
154.92204|-25.81475
154.97897|45.54962
155.39617|-34.26681
155.42163|-34.69678
155.64379|19.88703
155.66969|46.23870
155.86253|19.89852
155.87741|19.86505
156.02708|70.88222
156.27038|17.16358
156.37017|-39.82756
156.55783|-45.73514
156.63450|-39.94394
156.82662|28.50744
156.93654|-40.43503
156.96362|-43.90375
157.07492|-31.51803
157.09783|68.41214
157.19633|-35.65808
157.22308|-31.60894
157.22321|-35.60553
157.27662|-35.59519
157.30567|-44.12292
157.33310|29.49183
157.46454|-34.91164
157.50275|-35.32547
157.54445|-3.16365
157.60358|70.05022
157.61038|-35.35950
157.62154|-35.61064
157.64596|70.61867
157.71583|-36.73697
157.74833|-34.56294
157.76000|-28.71664
157.79833|-46.25128
157.87492|24.86944
157.91729|-45.48314
157.96704|-34.85369
158.07196|27.66878
158.08208|56.08528
158.23104|28.51172
158.39933|-27.45444
158.53096|-35.32339
158.78450|-43.69181
158.84667|-24.75414
158.84688|-28.31406
159.04895|-27.16219
159.06771|37.32469
159.09333|-27.43814
159.14875|-27.51844
159.17842|-27.52833
159.22033|-32.34836
159.23350|21.88214
159.31463|-41.62756
159.33014|-27.19229
159.44772|-27.08170
159.69108|53.50338
159.78941|41.68668
159.81200|-30.29783
159.82608|-26.83997
159.95763|-36.03617
160.08587|-36.41111
160.13790|-46.19123
160.29767|-37.14367
160.37998|37.31285
160.49912|-28.77669
160.49926|-36.93534
160.50958|-33.24544
160.53142|13.74700
160.69396|-36.35267
160.76225|-36.36239
160.87979|24.92222
160.88758|-36.41069
160.94671|-24.36797
160.96058|-38.26325
160.99042|11.70381
161.05096|6.75878
161.06223|22.37118
161.10179|-32.20978
161.10792|-25.37708
161.12154|-11.20792
161.34338|55.96038
161.55246|1.81328
161.64564|13.75086
161.65360|63.22424
161.69058|11.81994
161.71750|12.74417
161.75329|-9.94131
161.79167|72.83967
161.92638|13.98592
161.95662|12.58162
162.01817|-31.53336
162.07036|12.62927
162.11629|12.53319
162.45879|32.98286
162.61029|-12.84461
162.72200|13.41213
162.80971|5.84003
162.81753|27.97510
162.92748|43.71262
163.04752|32.95043
163.12971|36.61878
163.14896|22.93414
163.22358|-32.92761
163.27483|-40.32906
163.64786|56.99069
163.66333|54.30486
163.66671|-21.06664
163.80567|-26.14075
164.78755|61.53068
164.86400|46.12239
165.07737|13.90122
165.09945|28.97514
165.79671|27.97250
165.84904|-23.08678
165.94200|-23.24550
166.01225|28.03681
166.11381|38.20883
166.45242|-0.03586
166.69788|72.56858
166.78146|-37.17264
167.38387|-37.34964
167.47246|-23.72594
167.48308|10.72083
167.49017|-37.53916
167.64496|-49.10261
167.65158|-37.54758
167.70237|-37.44786
167.73538|-35.98347
167.73697|53.38777
167.82737|-36.87553
167.87904|55.67411
168.24450|72.87931
168.32121|-26.75484
168.37000|22.15167
168.48542|12.30108
168.65417|12.81767
168.66279|-33.90675
168.77586|14.78702
168.86231|18.11039
169.00400|-33.96803
169.19414|18.01716
169.22766|18.05176
169.24563|18.14868
169.26763|-49.20150
169.26908|-34.95531
169.37573|4.55557
169.46192|-26.13442
169.47246|-40.59364
169.56879|-32.81406
169.60530|58.78628
169.65045|58.00000
169.73298|13.09236
169.83984|57.75782
170.01588|18.35684
170.05155|67.24157
170.06235|12.99154
170.07071|13.58968
170.07075|2.96439
170.10432|-10.28178
170.16487|-10.25736
170.26198|53.16957
170.27854|3.23483
170.42950|20.16955
170.57455|59.07451
170.72757|16.59003
170.99277|38.56234
171.10104|3.32500
171.18197|38.76285
171.22050|-13.57239
171.26029|-9.79539
171.62417|16.86319
171.79665|17.03017
171.92165|66.58984
171.93321|17.22418
172.01671|-36.54272
172.04595|25.66117
172.20990|20.79501
172.37050|24.09343
172.43512|-36.39131
172.53108|9.27664
172.88329|-30.30775
172.88367|-2.30919
173.05608|0.81928
173.08999|0.80400
173.14522|53.06792
173.33801|47.02921
173.45552|53.12555
173.55808|-9.84567
173.75667|54.85050
173.88546|-37.95639
173.95329|54.52389
174.20007|54.29356
174.43550|-49.17706
174.47458|21.98139
174.79821|-49.41475
174.92730|31.90929
174.93605|31.93119
175.07059|17.72805
175.07827|17.76536
175.23225|-44.48125
175.24483|11.47114
175.31929|47.69082
175.32774|36.54680
175.41373|24.80050
175.45017|20.10364
175.48900|-6.15567
175.53794|20.31567
175.59888|10.26415
175.62258|18.33278
175.88098|22.72544
175.95446|19.96844
176.00896|19.94981
176.05732|57.94823
176.11804|16.55811
176.26618|19.97368
176.27087|19.60632
176.37343|19.40016
176.44209|19.77394
176.45442|13.76669
176.53208|47.49435
176.55077|20.39165
176.69371|-27.92217
176.69658|20.67542
176.77332|19.83718
176.81838|-37.54953
176.89321|55.96722
177.01398|30.35933
177.20983|59.41566
177.24776|35.01605
177.26678|59.43268
177.27045|-9.72983
177.28942|27.02204
177.30508|-29.27675
177.31404|56.08436
177.51856|26.47924
177.66225|55.35386
177.68930|51.82466
177.72081|38.88028
177.75706|-28.80602
177.77864|55.07875
177.94843|48.68314
178.15300|23.58257
178.17757|20.63131
178.19353|20.98927
178.20604|44.12072
178.23066|36.98633
178.30721|60.67556
178.33467|20.75172
178.41929|-3.99653
178.42384|47.85871
178.45382|52.32677
178.48811|-23.16418
178.64033|58.36704
178.66708|-13.97503
178.74463|58.49364
178.81108|-37.69631
178.93787|55.32074
179.04300|60.52253
179.24121|-19.85511
179.33717|25.19539
179.39816|55.45867
179.39992|53.37453
179.40361|32.27762
179.43374|32.29407
179.48389|55.45359
179.52179|27.87886
179.54236|25.12226
179.57100|28.19250
179.63021|-18.34683
179.63075|43.94658
179.64186|42.73404
179.68597|28.28949
179.71751|42.72247
179.85496|50.96169
179.87571|-19.26522
180.09844|-1.10009
180.13675|20.07394
180.14475|-17.84261
180.36147|61.89578
180.55084|62.13722
180.59329|29.86134
180.67599|1.97681
180.72479|-16.37361
180.79006|44.53133
181.00324|52.58827
181.01596|31.89581
181.02573|20.23509
181.04648|18.44342
181.11277|1.89597
181.21595|26.99252
181.34463|50.35295
181.39246|50.53903
181.50471|47.47844
181.53522|49.58268
181.66235|28.17421
181.66987|-29.76022
181.68667|-29.76831
181.76305|43.06572
181.78946|-40.20817
181.90479|2.69050
181.98921|-30.33947
182.02508|65.17414
182.04008|10.37889
182.04546|-15.80344
182.04630|2.87828
182.13471|68.76761
182.22175|-9.03650
182.29171|29.17691
182.32372|29.92762
182.37408|43.68531
182.40027|42.53417
182.49417|46.45717
182.50633|39.88386
182.63574|39.40573
182.64021|30.40153
182.65625|16.03292
182.76821|50.48467
182.79236|20.17567
182.92558|-38.54850
182.96863|24.12367
183.07195|13.20519
183.07825|29.17940
183.19354|10.86597
183.21714|1.29969
183.32033|43.69858
183.34249|28.51098
183.43654|36.63403
183.44696|13.42481
183.45119|14.90033
183.47331|13.17285
183.53946|54.52683
183.68429|12.18076
183.76850|14.02897
183.77106|33.19733
183.82003|13.02398
183.86142|-38.14417
183.90651|23.98188
183.91321|36.32689
183.91400|13.90150
183.96208|47.09178
183.97683|13.14939
183.97723|6.40115
184.04880|47.88326
184.11383|-43.32425
184.14077|7.46209
184.17550|69.46258
184.28201|7.62440
184.28817|3.68306
184.29117|7.19158
184.29758|15.32398
184.31221|16.53139
184.35755|6.69007
184.37358|37.80711
184.37574|45.61930
184.39170|22.54015
184.40322|29.60801
184.45770|47.40920
184.49216|7.18591
184.49958|6.65419
184.53437|28.17539
184.70668|14.41651
184.73960|47.30397
184.84267|6.09868
184.84675|5.82522
184.87740|14.87765
184.89899|5.84675
184.89996|-26.14550
184.93848|12.79828
184.94673|5.28378
184.95612|5.46344
184.96080|29.61448
184.96275|-36.45950
184.98365|5.34333
185.02843|29.28076
185.07583|75.37083
185.08686|29.31094
185.08968|5.38639
185.15879|46.29167
185.30371|18.38239
185.31858|4.59571
185.32429|11.51044
185.38650|14.60617
185.41322|40.84893
185.41896|11.49992
185.42700|14.59831
185.47873|4.47365
185.51501|12.74092
185.61337|4.56628
185.63067|15.53792
185.63260|29.89589
185.72846|15.82182
185.77574|5.25034
185.89562|6.08175
185.89703|16.72236
185.91125|6.95408
185.91250|7.05400
185.97495|-3.44292
185.99111|16.69341
185.99508|48.77947
186.00626|12.20478
186.02094|11.21807
186.10542|70.33361
186.11785|7.31767
186.11812|75.52892
186.15083|39.38300
186.23096|11.70421
186.26560|12.88698
186.28733|-39.77550
186.29992|54.50622
186.30140|14.76216
186.31142|15.60747
186.32425|-39.75972
186.32543|4.92515
186.34238|10.01681
186.35045|18.19149
186.35635|16.47013
186.40721|-39.31967
186.42367|12.81051
186.42835|0.57262
186.44478|12.66209
186.45359|33.54693
186.48136|18.21406
186.49508|15.67147
186.54092|-39.12397
186.54893|12.94622
186.61292|31.22353
186.61747|9.01917
186.62542|8.87222
186.63437|12.61099
186.69679|8.88460
186.71088|9.58426
186.73517|15.04739
186.76058|15.46148
186.79838|9.42067
186.80555|12.73472
186.83480|64.80149
186.86045|11.10771
186.86409|12.29029
186.90285|8.15434
186.90554|-39.33778
186.91079|-8.27842
186.91870|13.07895
186.92042|43.49556
186.92183|12.31590
186.93997|13.00883
186.97320|12.29328
187.01618|9.80371
187.04626|44.09363
187.06429|28.62031
187.06637|9.43620
187.12346|17.08494
187.16894|9.25881
187.18045|11.75503
187.18381|22.82045
187.21144|-1.93919
187.23985|13.24189
187.24588|3.57058
187.25004|13.97837
187.26256|13.18376
187.33872|8.15662
187.37874|14.04909
187.44484|8.00048
187.45363|13.42936
187.47311|14.06859
187.49617|12.34866
187.50916|13.63660
187.57257|12.32855
187.57655|13.57764
187.61159|4.24657
187.62971|41.70117
187.65100|41.64390
187.66936|9.01568
187.70593|12.39112
187.71406|8.35999
187.71771|16.75885
187.73797|11.48353
187.74881|8.07787
187.84233|57.96464
187.84535|29.13648
187.85043|25.77525
187.88553|11.62472
187.91338|3.93947
187.99650|14.42039
188.02058|-39.98247
188.02597|11.17642
188.11204|42.70411
188.11732|0.38967
188.17452|14.05044
188.18996|0.11503
188.22663|31.54111
188.28140|14.57495
188.37606|8.65475
188.51286|7.69952
188.52531|11.32126
188.53509|2.65366
188.58054|6.46769
188.58462|8.19775
188.61271|2.18814
188.64475|18.20268
188.86022|14.49634
188.87296|-3.79319
188.87743|12.22082
188.90263|-39.90926
188.90814|12.26398
188.91586|12.55634
188.99019|27.95999
189.00046|54.22098
189.03167|-39.43867
189.03417|19.32291
189.08658|25.98767
189.10163|-19.39514
189.11243|11.43928
189.13629|11.25800
189.14275|11.23889
189.20747|13.16294
189.22250|7.24664
189.23491|14.21735
189.35412|74.19192
189.37734|9.55507
189.43129|-35.51764
189.43134|11.81819
189.43246|-43.62114
189.45162|5.36852
189.46300|-40.53736
189.52155|1.47775
189.61833|4.31908
189.67050|-42.21422
189.90383|-40.74003
189.91427|-5.34426
189.98311|10.17614
189.99742|61.60919
189.99763|-11.62305
190.22504|-41.60664
190.23004|-40.97639
190.23973|11.91223
190.30167|11.88664
190.30536|10.15566
190.38688|41.15078
190.40551|26.07283
190.43496|74.42094
190.46967|41.27396
190.49865|32.57355
190.50935|11.64703
190.53338|32.54150
190.53375|-40.82086
190.56854|-40.64206
190.65574|14.35720
190.66350|19.94531
190.67067|14.29583
190.69760|11.44251
190.70761|2.68778
190.71828|13.25740
190.77321|-41.35892
190.83391|1.97827
190.87992|-41.36253
190.88461|11.58187
190.91656|11.55271
190.92763|16.39339
190.96211|-0.56123
190.98575|13.12668
191.01479|-5.67606
191.02192|-34.20208
191.04163|-41.74994
191.08163|-40.73181
191.10915|37.12122
191.13327|11.19053
191.15746|-10.08311
191.21596|-20.42653
191.27497|3.05578
191.28580|-0.46189
191.32112|27.12541
191.38330|-0.53573
191.54212|30.73192
191.54682|30.72274
191.56563|-41.70597
191.66618|54.53427
191.73804|-41.58253
191.84075|-41.23750
191.87604|-39.57086
191.92654|-41.52828
191.93985|13.76281
191.98049|27.22236
192.05679|-3.33271
192.06283|10.98361
192.09025|-41.71403
192.09528|51.16469
192.09545|8.48738
192.14949|-5.80074
192.20521|-41.31083
192.25930|-8.66486
192.29831|3.38871
192.35912|-41.48986
192.39258|25.46994
192.39392|-41.05486
192.41180|15.16545
192.47564|-41.27955
192.49114|5.31140
192.51617|-41.38197
192.55117|-41.51489
192.61076|25.50080
192.62254|-10.85442
192.72109|41.12046
192.75454|-6.39306
192.77824|10.91208
192.78708|28.78806
192.88267|-26.45208
192.94147|25.77707
192.94283|-41.13228
192.95017|-10.45472
193.00197|-41.14732
193.00225|-41.14192
193.01307|-41.45991
193.03504|-21.86511
193.06658|-41.39068
193.07290|11.31389
193.08167|-41.06003
193.09213|-1.19969
193.16254|-39.02828
193.20908|-41.33742
193.21037|-40.45167
193.21162|-42.65992
193.21929|-15.41328
193.23354|11.23081
193.28012|-10.49419
193.31006|4.46311
193.33467|-41.63564
193.36342|-17.00553
193.37151|2.16838
193.47063|-39.71431
193.51033|29.60361
193.57923|27.06804
193.63508|-6.85942
193.64884|-12.56865
193.65248|-12.55783
193.66925|28.93867
193.67087|-29.22764
193.75356|-40.97226
193.76193|8.06551
193.84658|-44.81331
193.87762|-50.07142
193.95396|4.30411
194.05062|27.74548
194.11608|26.98733
194.11763|-36.37094
194.18013|-50.34686
194.18138|27.17864
194.18184|21.68297
194.20375|-8.52531
194.29829|-17.40950
194.30100|-13.66483
194.35151|27.49782
194.36629|-19.69128
194.40054|-49.75119
194.44804|-39.76169
194.50497|1.57584
194.75975|34.85944
194.83863|-15.04217
194.84642|-27.42722
194.86308|14.17106
194.89878|27.95927
194.93899|-22.17546
195.01470|26.89812
195.03387|27.97700
195.16354|2.50073
195.17896|37.31528
195.23366|27.79084
195.24443|-0.02761
195.24887|-14.51364
195.25328|-32.44131
195.35896|27.88594
195.36760|-4.54653
195.47388|27.62445
195.81975|-17.42303
195.87387|-29.82878
195.95812|28.18573
196.02196|-41.41158
196.05475|-5.55161
196.05996|-10.33961
196.07039|-30.52626
196.25104|-47.23692
196.25393|35.17803
196.30163|27.56976
196.37242|-43.59114
196.44819|27.73413
196.45367|-8.02028
196.45640|37.60489
196.46921|-49.32642
196.52008|-29.75428
196.57212|29.06287
196.60354|67.70694
196.93696|-22.85786
197.01804|-23.79686
197.15637|-49.50642
197.23846|-15.51631
197.29200|-28.64178
197.38286|0.85702
197.41938|-7.83342
197.44786|28.90695
197.46625|-24.23911
197.63722|-46.99091
197.73430|37.05921
197.88010|36.28213
197.90433|22.91549
198.02784|24.09501
198.05250|44.04122
198.06429|-39.93733
198.21608|-43.09622
198.22708|-16.76583
198.23279|-32.68833
198.25430|-19.51819
198.27129|-19.97692
198.30867|-42.28667
198.36229|27.80238
198.36444|36.59394
198.37829|-19.54664
198.49179|-49.47819
198.61646|45.91915
198.70512|-16.49269
198.74738|-16.59031
198.84987|-16.38553
198.95554|42.02928
198.99708|-16.39717
199.05134|30.95032
199.24371|-16.63486
199.42788|-32.10169
199.52113|-26.83722
199.59842|-35.45867
199.62392|-31.63089
199.72837|-21.03911
199.75387|-47.25778
199.78433|28.50692
199.88196|-12.65696
199.95825|-27.41039
199.96667|-22.27883
200.07050|-21.82758
200.10400|-20.61100
200.30340|-43.70455
200.44267|-27.43053
200.45454|-13.20678
200.48500|38.73469
200.49003|-36.63024
200.73172|26.98073
200.98725|30.98805
201.04170|13.97654
201.13650|-21.13683
201.19004|-37.68219
201.21013|-30.30752
201.21432|36.37853
201.30221|-33.65553
201.36506|-43.01911
201.43358|-29.83367
201.58222|2.10086
201.59054|-33.86847
201.87304|-38.17764
201.90225|-29.56225
201.97637|-29.61803
202.11367|-44.17200
202.18371|-48.91681
202.30796|-33.17383
202.33046|17.05192
202.33984|11.73512
202.36233|16.82583
202.40213|58.41872
202.45328|-17.96642
202.46963|47.19517
202.49829|47.26614
202.54750|46.67078
202.60825|31.62079
202.86783|-34.79442
202.97304|-33.23422
203.04325|62.76775
203.27225|-1.03580
203.27854|-22.59964
203.67923|9.33687
203.69708|-45.54750
203.85232|1.41060
204.16262|-33.96583
204.19781|-34.06581
204.25396|-29.86542
204.35917|7.64444
204.38343|8.88518
204.41271|-42.84697
204.41425|-33.81136
204.51267|-17.88403
204.54300|-9.80183
204.97046|0.84000
204.98318|-31.64011
204.99038|0.83094
205.12746|-33.65686
205.16608|54.33286
205.40283|-29.91308
205.53474|35.65421
205.53667|-30.76342
205.75879|-48.16942
206.28630|41.50339
206.59865|43.87235
206.60279|46.10706
206.71950|16.27285
206.75178|60.97317
207.15204|-30.42853
207.20700|-30.51111
207.27212|-30.29586
207.31362|60.19053
207.33028|-30.30944
207.38946|-33.06911
207.71126|39.57486
207.73725|-49.05542
207.83042|-33.80786
207.83200|-31.14792
207.91479|-30.48906
208.03300|16.96974
208.04205|2.32512
208.22214|-28.48940
208.32431|33.49083
208.34013|40.36394
208.36122|40.28303
208.36126|40.30276
208.36547|37.91497
208.49354|-27.62322
208.60092|-48.51253
208.69067|53.90075
208.91643|40.46176
208.99812|-30.34144
209.02636|59.74204
209.03004|5.25477
209.05000|5.01447
209.06945|47.23570
209.14513|-32.62975
209.23333|29.16436
209.23620|37.61038
209.27072|41.84626
209.30000|26.80000
209.41333|-34.21900
209.46100|-43.93131
209.47608|-29.31572
209.55358|6.51818
209.56206|6.25869
209.64022|37.45349
209.65826|37.42448
210.02500|14.50000
210.08383|38.91542
210.17516|55.16448
210.29358|-33.94583
210.33983|-33.06378
210.44201|9.49028
210.54715|9.44011
210.70260|9.34138
210.73209|9.42068
210.80227|54.34895
210.83712|-41.37769
210.84644|9.44809
210.85053|35.13210
210.85354|-6.06911
210.85854|-6.03081
210.91138|-33.97826
210.96996|-10.14058
211.18011|54.89263
211.25671|53.66222
211.29783|-33.76011
211.64538|-5.45311
211.76833|-30.01711
211.79728|55.00169
212.09930|-47.97046
212.48873|17.54555
212.51822|17.73385
212.87242|-5.04361
213.13215|13.30474
213.29146|-65.33922
213.31205|-3.20758
213.33277|-3.14888
213.71392|3.13089
213.71800|25.31761
213.89196|36.22658
213.91345|14.28262
214.03226|35.34383
214.22063|10.80739
214.41775|-7.41742
214.49806|25.13679
214.53844|7.56455
214.60718|36.49356
214.61314|-43.38859
214.95083|56.72906
215.01871|3.99247
215.08287|3.93375
215.17967|39.69358
215.23320|3.23801
215.26533|3.27100
215.30454|-46.29789
215.75636|40.37742
215.95633|14.63877
215.97938|-28.68806
216.03162|34.85885
216.05517|-16.72300
216.11433|-16.76275
216.17833|-3.21217
216.18082|44.52578
216.28154|-13.16300
216.33760|39.53958
216.63874|56.58263
216.79922|-2.26241
216.86826|46.14653
217.06822|25.84877
217.13046|-37.58375
217.41823|3.23332
217.45756|49.62267
217.54342|31.21550
217.59545|59.46978
217.66395|7.27509
217.87878|49.95872
217.91092|-43.41844
218.11357|49.90461
218.16977|-44.17441
218.19519|49.45790
218.35141|4.45046
218.50521|-78.38750
218.61937|-27.51856
218.65475|-36.28583
218.71832|54.47585
218.87372|48.74165
218.90013|-45.96697
218.95900|36.54323
219.34218|36.56781
219.45417|-36.87800
219.47224|-0.39888
219.79617|5.36348
219.81745|20.04370
219.89646|-45.01900
220.04794|-0.28897
220.11650|-78.80922
220.23142|-32.37564
220.23483|-0.31822
220.38343|44.51276
220.59957|-17.25308
221.10186|1.67977
221.23299|1.95500
221.54634|-0.22295
221.89054|-14.85358
222.28533|-20.37603
222.37742|-10.17330
223.31257|3.95973
223.42693|3.58249
223.48999|3.54446
224.25158|-35.88483
224.44046|71.68233
224.59463|-1.09108
224.62654|-47.69894
224.66592|53.88608
224.69258|-19.26686
224.85045|-16.62386
224.85317|-16.69337
225.00167|1.89131
225.23208|-7.45736
225.29680|1.70198
226.02915|1.21992
226.35942|2.09933
226.36454|1.63481
226.50338|1.63380
226.62202|1.60562
226.62291|55.76321
226.78203|1.54424
226.86379|19.59764
226.89475|19.58231
226.94874|2.56864
226.96596|54.75278
227.28538|67.22261
227.38983|3.05275
227.44469|57.00019
227.86679|75.38381
227.92042|75.38481
227.97354|-72.85942
228.44046|-14.26983
228.55767|-46.80794
228.76344|42.04985
228.76733|-10.08601
228.97404|56.32877
229.18008|55.40925
229.55650|-24.09794
229.64979|-24.11994
229.65221|-24.06858
229.75607|4.52078
230.38783|-13.09175
230.48567|5.07053
232.50348|12.98933
233.36608|56.55969
233.51025|56.68561
233.63493|15.19378
233.64592|15.20007
233.73856|23.50314
233.96723|39.76896
234.13202|16.60778
234.40091|5.97401
234.47271|59.39175
234.62488|12.18661
234.66596|59.35584
234.90454|59.33194
234.98821|-30.55278
234.98904|58.07953
235.37667|15.78767
235.98200|81.80961
236.74535|17.88418
237.06637|-75.67294
237.59468|18.93928
237.80363|47.25490
237.85512|62.31003
238.34657|11.95918
238.55808|14.60125
238.69050|-68.71697
238.85829|78.99678
238.98917|5.93189
239.28390|22.40458
239.37787|15.95605
239.63475|17.44147
239.80224|20.76336
240.07348|-66.32229
240.46424|17.95749
240.58273|16.34604
241.13229|14.81914
241.23612|23.93269
241.66742|30.09908
241.67541|16.31961
242.49454|0.70931
242.79573|61.26797
243.14805|29.48479
243.60333|-0.20753
243.76600|-60.90717
244.41882|35.00428
244.69653|7.41089
244.79812|57.98422
245.24233|65.39056
245.45258|-2.28344
245.76292|37.92236
246.29316|40.89286
247.16033|39.55156
247.43707|40.81162
248.08733|19.82656
248.16333|78.19817
249.13570|39.02789
249.47466|36.07305
250.76562|36.83242
252.52076|42.73968
252.77838|-58.99347
253.19201|-59.21862
253.24529|2.40093
254.45837|-76.99297
254.49205|27.85434
254.53608|22.98511
254.76229|-60.21603
255.20970|23.01103
257.60352|72.30443
258.16132|23.27007
258.84580|57.41120
259.24779|-62.82056
259.47078|61.78082
259.50383|-59.17208
260.05163|57.91536
261.77991|-60.87958
261.88271|26.47515
262.38154|-64.02286
262.40629|75.70442
262.64546|16.28875
263.10125|7.06028
263.16571|16.40178
263.88688|60.81340
264.16430|42.08843
266.24037|-60.73981
266.78694|-64.64176
267.24412|-63.25453
267.36013|70.14437
267.94575|24.48347
267.95337|23.07194
268.02501|21.56963
268.17439|29.83863
268.71594|34.77624
268.99909|18.33824
269.01560|18.37307
269.22929|32.63661
269.87838|-63.66872
270.70146|-66.43064
271.49683|18.58725
271.95488|17.60489
272.78042|14.09308
272.96346|14.98178
273.00514|21.46338
273.46205|18.82521
273.92908|24.91238
274.20533|-57.23150
274.94338|74.56836
275.66217|15.69800
276.03154|73.18322
276.26288|27.53531
276.97350|-71.60986
277.04300|-71.69394
277.15821|-66.98228
277.41142|39.86514
277.77883|-71.69367
278.17146|-57.67089
278.45900|-60.12911
278.46904|49.27861
278.48188|22.88828
278.60317|-58.49661
278.65279|22.90967
278.70938|70.52392
279.08579|51.46647
279.15537|19.92150
279.64112|25.37514
279.67908|-62.94303
279.80104|55.64181
279.98512|-67.42569
280.08254|24.19997
281.15987|-73.26342
281.27633|-62.29722
281.73992|45.70567
281.82469|-63.33133
281.82481|-63.35939
281.82846|45.55064
281.92388|-63.40567
282.24117|-65.17344
282.25367|47.65811
282.25988|-51.26519
282.64229|26.83839
283.00850|-57.32075
283.83125|-30.54528
283.84192|-53.81844
283.89850|-53.72344
284.11600|-54.21394
284.12367|-54.30578
284.23308|-54.54544
284.40623|38.00889
284.68133|-63.13922
285.21171|-57.75944
285.28175|-45.31372
285.37788|-57.53206
285.48592|-53.86308
285.74879|-56.15972
286.49975|-42.36569
286.89021|-68.91281
286.95317|-61.36811
287.06821|50.93322
287.07900|43.06872
287.44208|-63.85753
287.59172|-61.97016
287.84850|-57.04956
287.85717|-50.64181
288.46808|-56.30994
288.51612|-56.61072
288.64454|-46.59594
288.68267|-62.27261
288.77000|-50.65683
289.07471|-60.20033
289.59450|-60.50108
289.65550|-60.49647
289.66463|-60.54600
290.09371|-60.38917
290.37862|61.14489
290.71200|-55.77583
290.99125|-59.92247
291.32979|-63.86017
291.60558|-60.33606
292.01617|-38.91875
292.72037|35.78525
292.78358|54.10217
293.10358|-64.41339
293.32900|-58.11425
293.64479|-61.14578
294.27104|-42.29628
295.42517|50.63245
295.66935|-10.32349
295.89270|-58.65559
295.91958|56.10947
295.97500|-70.63339
296.00927|-28.40084
296.10025|-6.83344
296.15058|-51.60244
296.24059|-14.80343
296.31313|-54.34414
298.59804|-58.71356
298.63731|-12.56757
298.66692|-12.68794
299.06042|-56.91031
299.19833|-60.46808
299.45442|-31.81069
299.99938|65.14851
300.17671|66.22753
300.20983|-38.57506
300.69687|-56.09031
300.86262|-55.94717
300.87100|-54.97994
300.89321|-48.28450
301.41167|-54.37561
301.54875|-60.21161
301.56508|-40.19831
301.61775|-48.37561
301.83117|-48.37022
302.08117|-48.21142
302.22742|-56.39175
302.47529|-48.37956
302.54525|-48.28708
303.01629|5.76367
303.30196|-46.16164
303.36546|-37.18878
303.40000|-44.81617
304.23566|-70.76794
304.32204|-52.79675
304.57541|-44.80672
304.57979|-70.85881
304.59700|-41.05017
304.65083|-70.85306
305.20683|-48.23908
305.33125|-53.76319
305.80767|-27.71456
305.89129|6.44367
305.99196|-43.99528
306.08329|-49.68458
306.09267|-50.43394
306.11725|-43.65353
306.27762|-24.80917
306.30008|5.26308
306.91204|-47.02703
307.12025|25.72342
307.55944|-19.11602
307.66037|-33.48556
307.90883|-44.21642
307.91279|-30.83189
308.20925|9.92642
308.24500|9.87444
308.27546|-2.02750
308.33013|-25.47444
308.58571|-31.98089
308.71801|60.15391
308.82529|-49.86547
309.30871|66.10564
309.58425|-52.11044
309.69096|-52.14325
310.15771|-54.30306
310.80975|-29.85339
310.89354|-29.70364
310.94046|-26.55028
310.98917|-80.00083
311.01325|3.20944
311.14058|-68.74772
311.71521|-65.01681
311.82943|0.32080
311.85125|0.30083
311.94175|-65.08431
312.17746|-37.99742
313.00975|-57.06878
313.02321|-69.20164
313.03942|-48.77778
313.40087|-71.14122
313.43925|-71.02475
314.47492|-51.87083
314.54317|-48.63031
315.63029|-16.81831
315.86212|-48.20494
315.87342|-67.18133
315.88990|29.89747
315.93667|-49.02975
316.17096|-48.19089
316.36633|-52.55197
316.40575|11.41417
316.48017|-48.20711
316.59008|-48.16944
316.67054|-42.55706
316.69792|-47.18786
316.96738|-47.17900
317.13338|-29.76906
317.31196|-63.29003
317.83371|-64.02533
317.96688|-49.28372
319.13492|-48.36356
319.19246|-42.26169
319.23037|-42.26003
319.56746|-48.53753
319.75126|-48.56216
320.80804|-45.77311
321.09171|-40.53772
321.24458|-42.46044
321.37825|-40.27414
321.47325|-42.41128
321.74106|-7.02154
321.83946|-60.01458
322.06271|-37.86131
322.26242|-52.76760
322.40596|-21.19569
322.50813|26.71780
322.60562|-43.08711
322.88742|-38.61792
322.93183|-76.48131
322.94704|-42.84767
323.14688|-44.06756
323.63946|-40.81864
323.93621|-63.90283
324.12025|-54.55733
325.05379|-42.53939
325.33033|-63.90869
326.06717|-75.11133
326.44600|-48.42042
326.54058|-48.35381
326.85546|-34.88367
327.05433|22.15958
327.31658|-60.71317
327.32554|-60.60922
327.44171|-34.87628
327.69429|-70.33414
327.74267|-71.41331
328.06379|-55.56967
328.17678|-48.25376
328.33433|-47.88244
328.64013|2.94303
328.83767|-34.81414
329.04054|-49.52194
329.67967|-28.46619
329.83517|-31.88317
329.91304|-43.30597
330.13717|-43.38972
330.17183|17.73806
330.25838|-13.26975
330.50788|-31.86967
330.51329|-31.97369
330.53083|-51.74308
330.53518|-31.98976
330.57692|-20.54775
330.66592|-20.81283
330.67296|-51.29644
330.68567|-32.80217
330.73646|-20.47128
330.81196|-33.83844
330.86250|-34.94183
331.20550|-64.04683
331.47838|-50.11933
331.70900|-64.31625
331.78967|-49.99547
331.96831|31.35935
332.04400|41.17736
332.14288|-57.44258
332.28200|-27.80947
332.31796|-47.16661
332.54158|-36.08861
332.81354|-30.56317
332.91237|46.30961
333.14933|-68.66186
333.28758|-64.84897
333.34042|-46.01761
333.51342|-29.38275
334.03792|-36.84372
334.22475|40.50233
334.42783|-15.57128
334.57417|40.56239
334.69383|-36.80158
335.09458|47.70592
335.18646|-24.67826
335.23933|-46.03586
335.61433|36.20961
336.09087|-33.69408
336.32763|-37.98883
336.37637|-17.24331
336.61492|16.14822
337.10795|30.29231
337.11012|17.14744
337.21287|-60.88206
337.47825|-65.66136
337.74962|-14.00353
338.09917|-14.12053
338.46892|-40.93272
338.52796|5.56989
338.58579|-10.35700
338.94246|-26.05047
338.98475|20.32225
339.01408|33.94811
339.01477|33.97572
339.11650|-24.34175
339.14606|-2.90678
339.26672|34.41552
339.35225|23.79833
339.44683|23.78669
339.95600|38.21542
340.10092|-66.47897
340.46825|-44.76717
340.57462|-30.05765
340.95535|8.70545
341.20000|-23.68808
341.29182|-19.95201
341.40183|-65.12183
341.51557|-11.00113
341.94792|-22.31211
342.47744|11.60857
342.50897|11.69836
342.65054|-1.54483
342.95308|-20.60808
343.09432|1.09238
343.57754|-39.31494
343.60639|32.45173
343.75396|-39.66133
343.92375|-5.49533
343.94063|-42.64203
343.98442|-43.43478
344.15300|-36.24978
344.17188|-36.77272
344.22638|-37.34725
344.23818|-43.76019
344.28752|-42.80448
344.29420|-36.46222
344.30654|-43.39614
344.32654|-41.07058
344.33137|-1.04900
344.43192|-36.02622
344.45629|-65.03856
344.50758|-33.74222
344.50933|-3.76969
344.63559|35.80240
344.86125|-37.70289
345.01496|15.98033
345.03688|-12.80789
345.03733|-12.83428
345.24973|30.14494
345.27713|16.38836
345.28450|5.65436
345.36933|1.75339
345.42879|2.26361
345.46658|15.98186
345.50403|15.96478
345.54342|-39.56939
345.81510|8.87400
346.23604|12.32289
346.45121|3.54511
346.74559|22.93647
347.26421|18.17719
347.59328|7.58067
347.92075|-2.16003
348.03163|-28.53961
348.20281|12.67928
348.30492|6.43025
348.30846|-28.35750
348.55492|13.42639
348.64375|4.49836
348.68288|4.53436
348.70208|-43.59994
348.81670|18.96180
348.98302|13.19612
348.98958|6.68753
349.04483|-42.58474
349.18613|13.48301
349.34475|-4.72786
349.39058|29.01942
349.50558|-4.65031
349.56783|6.58581
349.59792|-42.37056
349.72442|-7.58044
349.72838|-42.23906
349.76991|-8.48509
349.83808|-42.25683
349.90250|8.06325
349.92237|10.18500
349.93417|8.57639
350.02367|24.22114
350.06055|8.20625
350.09421|27.31569
350.12508|8.39582
350.12554|17.22556
350.17728|8.21697
350.36113|8.21764
350.42400|8.88692
350.50375|-42.48050
350.52742|40.84542
350.71000|11.98883
350.97508|9.66747
350.98929|16.77728
351.20566|15.27559
351.45275|27.02989
351.63227|50.67571
351.66567|25.08014
351.83058|12.46742
351.92091|23.58904
351.98635|8.77904
352.02551|23.53138
352.11625|22.42119
352.14625|32.41572
352.15104|14.74292
352.18096|-41.33347
352.19459|3.51147
352.22871|17.30964
352.25717|-59.71667
352.26592|11.44517
352.26637|3.53333
352.49445|40.99021
352.52779|-59.46469
352.63958|3.90158
353.26067|-51.69836
353.31858|-45.01597
353.61454|-36.10108
353.87033|-56.01228
353.91406|15.30198
354.05874|2.15516
354.06246|-37.93808
354.13104|0.29728
354.27883|-20.46306
354.28454|-37.71414
354.43383|-47.50570
354.45612|-47.72736
354.70271|-6.51786
354.73783|-12.96108
354.97385|-12.29278
355.39112|3.72494
355.44704|-3.66722
355.60744|-19.45230
355.67888|-65.94464
355.93979|-31.95678
355.97654|26.07561
356.06554|10.76708
356.08808|9.93408
356.24683|-42.91092
356.47946|12.06175
356.65767|3.79981
356.86914|-28.10948
356.93765|-28.14075
356.96567|-30.52203
357.18967|4.17114
357.72492|-40.72822
357.74408|27.14739
357.77605|1.05671
357.85335|20.11174
357.90304|-28.36506
358.33196|7.87092
358.36163|7.87567
358.47454|7.97056
358.82929|5.91583
359.30138|-75.50197
359.45763|-32.59103
359.74906|-55.45832
359.85625|20.74986
